{
 "cells": [
  {
   "cell_type": "markdown",
   "id": "d200ecfd",
   "metadata": {},
   "source": [
    "# 1. Unconstrained optimization"
   ]
  },
  {
   "cell_type": "markdown",
   "id": "00ac553b",
   "metadata": {},
   "source": [
    "Vectorize"
   ]
  },
  {
   "cell_type": "code",
   "execution_count": 72,
   "id": "81a723a2",
   "metadata": {},
   "outputs": [],
   "source": [
    "import pandas as pd\n",
    "import numpy as np\n",
    "import matplotlib.pyplot as plt"
   ]
  },
  {
   "cell_type": "code",
   "execution_count": 84,
   "id": "3c05dae2",
   "metadata": {},
   "outputs": [],
   "source": [
    "def oracle1(x, mode):\n",
    "    if mode==1:\n",
    "        return x[0]**2 + x[1]**2 -2*x[0]*x[1]\n",
    "    if mode==2:\n",
    "        return x[0]**2 + x[1]**2 -2*x[0]*x[1], np.array([2*x[0] - 2*x[1] , 2*x[1] - 2*x[0]])\n",
    "    if mode==3:\n",
    "        return np.array([2*x[0] - 2*x[1] , 2*x[1] - 2*x[0]])\n",
    "    \n",
    "    "
   ]
  },
  {
   "cell_type": "code",
   "execution_count": 86,
   "id": "6576fe3a",
   "metadata": {},
   "outputs": [
    {
     "data": {
      "text/plain": [
       "(1, array([ 2, -2]))"
      ]
     },
     "execution_count": 86,
     "metadata": {},
     "output_type": "execute_result"
    }
   ],
   "source": [
    "x=[2,1]\n",
    "oracle1(x,2)\n"
   ]
  },
  {
   "cell_type": "code",
   "execution_count": 278,
   "id": "4284c9f3",
   "metadata": {},
   "outputs": [],
   "source": [
    "def oracle2(x, mode):\n",
    "    if mode==1:\n",
    "        return 10*(x[1]-x[0]**2)**2 + (1-x[0])**2\n",
    "    if mode==2:\n",
    "        return 10*(x[1]-x[0]**2)**2 + (1-x[0])**2, np.array([-40*x[0]*(x[1]-x[0]**2) -2 * (1-x[0]), 20*(x[1] - x[0]**2)])\n",
    "    if mode==3:\n",
    "        return np.array([-40*x[0]*(x[1]-x[0]**2) -2*(1-x[0]), 20*(x[1] - x[0]**2)])"
   ]
  },
  {
   "cell_type": "code",
   "execution_count": 279,
   "id": "1c2f1e76",
   "metadata": {},
   "outputs": [
    {
     "data": {
      "text/plain": [
       "(91, array([242, -60]))"
      ]
     },
     "execution_count": 279,
     "metadata": {},
     "output_type": "execute_result"
    }
   ],
   "source": [
    "x=[2,1]\n",
    "oracle2(x,2)"
   ]
  },
  {
   "cell_type": "code",
   "execution_count": 128,
   "id": "2ee22bad",
   "metadata": {},
   "outputs": [],
   "source": [
    "def oracle3(x, mode):\n",
    "    if mode==1:\n",
    "        return 1/2 * sum(x[i]**2 for i in range(len(x)))\n",
    "    if mode==2:\n",
    "        return 1/2 * sum(x[i]**2 for i in range(len(x))), np.array(x)\n",
    "    if mode==3:\n",
    "        return np.array(x)"
   ]
  },
  {
   "cell_type": "code",
   "execution_count": 131,
   "id": "42ea372b",
   "metadata": {
    "scrolled": true
   },
   "outputs": [
    {
     "data": {
      "text/plain": [
       "(2.5, array([2, 1]))"
      ]
     },
     "execution_count": 131,
     "metadata": {},
     "output_type": "execute_result"
    }
   ],
   "source": [
    "x=[2,1]\n",
    "oracle3(x,2)\n"
   ]
  },
  {
   "cell_type": "code",
   "execution_count": 249,
   "id": "484a16fa",
   "metadata": {},
   "outputs": [],
   "source": [
    "def norme(x):\n",
    "    return (sum(x[i]**2 for i in range(len(x))))**(1/2)"
   ]
  },
  {
   "cell_type": "code",
   "execution_count": 206,
   "id": "96ef354d",
   "metadata": {},
   "outputs": [
    {
     "data": {
      "text/plain": [
       "3.605551275463989"
      ]
     },
     "execution_count": 206,
     "metadata": {},
     "output_type": "execute_result"
    }
   ],
   "source": [
    "norme(x0)"
   ]
  },
  {
   "cell_type": "code",
   "execution_count": 303,
   "id": "f3e4e18e",
   "metadata": {},
   "outputs": [],
   "source": [
    "def methode_gradient(oracle, x0, k=0, MaxIt=1000, t=0.5, tol=10e-6):\n",
    "    x=x0\n",
    "    list=[x0]\n",
    "    f=oracle(x, 2)\n",
    "    while (norme(f[1]) > tol) and (k < MaxIt):\n",
    "        x= x - t*f[1]\n",
    "        list.append(x)\n",
    "        k= k + 1\n",
    "        f=oracle(x, 2)\n",
    "    print(x, f, k)   "
   ]
  },
  {
   "cell_type": "code",
   "execution_count": 286,
   "id": "1f9406a7",
   "metadata": {},
   "outputs": [
    {
     "name": "stdout",
     "output_type": "stream",
     "text": [
      "[0.00000000e+00 4.76837158e-07 9.53674316e-07 1.43051147e-06\n",
      " 1.90734863e-06 2.38418579e-06 2.86102295e-06 3.33786011e-06\n",
      " 3.81469727e-06 4.29153442e-06] [0.00000000e+00 4.76837158e-07 9.53674316e-07 1.43051147e-06\n",
      " 1.90734863e-06 2.38418579e-06 2.86102295e-06 3.33786011e-06\n",
      " 3.81469727e-06 4.29153442e-06] 21\n"
     ]
    }
   ],
   "source": [
    "x0=[i for i in range(10)]\n",
    "#x0=[2,3]\n",
    "methode_gradient(oracle3, x0)"
   ]
  },
  {
   "cell_type": "code",
   "execution_count": 304,
   "id": "f94e7d0d",
   "metadata": {},
   "outputs": [
    {
     "name": "stdout",
     "output_type": "stream",
     "text": [
      "[5.99998578 6.00001422] (8.082849944912596e-10, array([-5.68605761e-05,  5.68605761e-05])) 25\n"
     ]
    }
   ],
   "source": [
    "x0=[11,1]\n",
    "oracle = oracle1\n",
    "methode_gradient(oracle, x0, MaxIt=25, t=0.4)"
   ]
  },
  {
   "cell_type": "code",
   "execution_count": 288,
   "id": "b7cac9db",
   "metadata": {},
   "outputs": [
    {
     "name": "stdout",
     "output_type": "stream",
     "text": [
      "[2. 3.] [-2.  2.] 1000\n"
     ]
    }
   ],
   "source": [
    "x0=[2,3]\n",
    "oracle = oracle1\n",
    "methode_gradient(oracle, x0)"
   ]
  },
  {
   "cell_type": "code",
   "execution_count": 289,
   "id": "4769b58e",
   "metadata": {},
   "outputs": [
    {
     "name": "stdout",
     "output_type": "stream",
     "text": [
      "[inf inf] [nan nan] 6\n"
     ]
    },
    {
     "name": "stderr",
     "output_type": "stream",
     "text": [
      "C:\\Users\\valentin.lassaigne\\AppData\\Local\\Temp\\ipykernel_17784\\4641452.py:2: RuntimeWarning:\n",
      "\n",
      "overflow encountered in double_scalars\n",
      "\n",
      "C:\\Users\\valentin.lassaigne\\AppData\\Local\\Temp\\ipykernel_17784\\171636754.py:5: RuntimeWarning:\n",
      "\n",
      "overflow encountered in double_scalars\n",
      "\n",
      "C:\\Users\\valentin.lassaigne\\AppData\\Local\\Temp\\ipykernel_17784\\171636754.py:5: RuntimeWarning:\n",
      "\n",
      "invalid value encountered in double_scalars\n",
      "\n"
     ]
    }
   ],
   "source": [
    "x0=[2,3]\n",
    "oracle = oracle2\n",
    "methode_gradient(oracle, x0)"
   ]
  },
  {
   "cell_type": "code",
   "execution_count": 290,
   "id": "bafd734d",
   "metadata": {},
   "outputs": [
    {
     "name": "stdout",
     "output_type": "stream",
     "text": [
      "[3.81469727e-06 5.72204590e-06] [3.81469727e-06 5.72204590e-06] 19\n"
     ]
    }
   ],
   "source": [
    "x0=[2,3]\n",
    "oracle = oracle3\n",
    "methode_gradient(oracle, x0)"
   ]
  },
  {
   "cell_type": "code",
   "execution_count": 305,
   "id": "e13df1bc",
   "metadata": {},
   "outputs": [
    {
     "name": "stdout",
     "output_type": "stream",
     "text": [
      "[0.00000000e+00 4.76837158e-07 9.53674316e-07 1.43051147e-06\n",
      " 1.90734863e-06 2.38418579e-06 2.86102295e-06 3.33786011e-06\n",
      " 3.81469727e-06 4.29153442e-06] (3.240074875066057e-11, array([0.00000000e+00, 4.76837158e-07, 9.53674316e-07, 1.43051147e-06,\n",
      "       1.90734863e-06, 2.38418579e-06, 2.86102295e-06, 3.33786011e-06,\n",
      "       3.81469727e-06, 4.29153442e-06])) 21\n"
     ]
    }
   ],
   "source": [
    "x0=[i for i in range(10)]\n",
    "oracle = oracle3\n",
    "methode_gradient(oracle, x0)"
   ]
  },
  {
   "cell_type": "code",
   "execution_count": 301,
   "id": "810a7197",
   "metadata": {},
   "outputs": [
    {
     "data": {
      "text/plain": [
       "577306.967739001"
      ]
     },
     "execution_count": 301,
     "metadata": {},
     "output_type": "execute_result"
    }
   ],
   "source": [
    "norme(x0)"
   ]
  },
  {
   "cell_type": "code",
   "execution_count": 306,
   "id": "9db34c97",
   "metadata": {},
   "outputs": [],
   "source": [
    "def methode_gradient2(oracle, x0, MaxIt, t, k=0, tol=10e-6):\n",
    "    x=x0\n",
    "    list=[x0]\n",
    "    f=oracle(x, 2)\n",
    "    while (norme(f[1]) > tol) and (k < MaxIt):\n",
    "        x= x - t*f[1]\n",
    "        list.append(x)\n",
    "        k= k + 1\n",
    "        f=oracle(x, 2)\n",
    "    print(x, f, k)       \n",
    "        \n",
    "        "
   ]
  },
  {
   "cell_type": "code",
   "execution_count": 307,
   "id": "49589a97",
   "metadata": {},
   "outputs": [
    {
     "name": "stdout",
     "output_type": "stream",
     "text": [
      "[2.49999827 2.50000173] (1.1997514093309292e-11, array([-6.92739213e-06,  6.92739213e-06])) 308\n"
     ]
    }
   ],
   "source": [
    "x0=[2,3]\n",
    "oracle = oracle1\n",
    "MaxIt = 1000\n",
    "t = 0.01\n",
    "methode_gradient2(oracle, x0, MaxIt , t)"
   ]
  },
  {
   "cell_type": "code",
   "execution_count": 308,
   "id": "3708f1af",
   "metadata": {},
   "outputs": [
    {
     "name": "stdout",
     "output_type": "stream",
     "text": [
      "[1.02220269 1.04577786] (0.0005006950662903164, array([0.0084432 , 0.01759053])) 1000\n"
     ]
    }
   ],
   "source": [
    "x0=[2,3]\n",
    "oracle = oracle2\n",
    "MaxIt = 1000\n",
    "t = 0.01\n",
    "methode_gradient2(oracle, x0, MaxIt , t)"
   ]
  },
  {
   "cell_type": "code",
   "execution_count": 309,
   "id": "16602bf7",
   "metadata": {},
   "outputs": [
    {
     "name": "stdout",
     "output_type": "stream",
     "text": [
      "[8.63424948e-05 1.29513742e-04] (1.2114417919449722e-08, array([8.63424948e-05, 1.29513742e-04])) 1000\n"
     ]
    }
   ],
   "source": [
    "x0=[2,3]\n",
    "oracle = oracle3\n",
    "MaxIt = 1000\n",
    "t = 0.01\n",
    "methode_gradient2(oracle, x0, MaxIt , t)"
   ]
  },
  {
   "cell_type": "code",
   "execution_count": 311,
   "id": "b2198212",
   "metadata": {},
   "outputs": [
    {
     "name": "stdout",
     "output_type": "stream",
     "text": [
      "[0.00000000e+00 4.31712474e-05 8.63424948e-05 1.29513742e-04\n",
      " 1.72684990e-04 2.15856237e-04 2.59027484e-04 3.02198732e-04\n",
      " 3.45369979e-04 3.88541227e-04] (2.655853159263985e-07, array([0.00000000e+00, 4.31712474e-05, 8.63424948e-05, 1.29513742e-04,\n",
      "       1.72684990e-04, 2.15856237e-04, 2.59027484e-04, 3.02198732e-04,\n",
      "       3.45369979e-04, 3.88541227e-04])) 1000\n"
     ]
    }
   ],
   "source": [
    "x0=[i for i in range(10)]\n",
    "oracle = oracle3\n",
    "MaxIt = 1000\n",
    "t = 0.01\n",
    "methode_gradient2(oracle, x0, MaxIt , t)"
   ]
  },
  {
   "cell_type": "code",
   "execution_count": 263,
   "id": "898a827b",
   "metadata": {},
   "outputs": [
    {
     "data": {
      "application/vnd.plotly.v1+json": {
       "config": {
        "plotlyServerURL": "https://plot.ly"
       },
       "data": [
        {
         "contours": {
          "z": {
           "highlightcolor": "limegreen",
           "project": {
            "z": true
           },
           "show": true,
           "usecolormap": true
          }
         },
         "type": "surface",
         "x": [
          -10,
          -9.591836734693878,
          -9.183673469387756,
          -8.775510204081632,
          -8.36734693877551,
          -7.959183673469388,
          -7.551020408163265,
          -7.142857142857142,
          -6.73469387755102,
          -6.326530612244898,
          -5.918367346938775,
          -5.5102040816326525,
          -5.1020408163265305,
          -4.6938775510204085,
          -4.285714285714286,
          -3.8775510204081627,
          -3.4693877551020407,
          -3.0612244897959187,
          -2.6530612244897958,
          -2.244897959183673,
          -1.8367346938775508,
          -1.4285714285714288,
          -1.020408163265305,
          -0.612244897959183,
          -0.204081632653061,
          0.204081632653061,
          0.612244897959183,
          1.0204081632653068,
          1.4285714285714288,
          1.8367346938775508,
          2.2448979591836746,
          2.6530612244897966,
          3.0612244897959187,
          3.4693877551020407,
          3.8775510204081627,
          4.2857142857142865,
          4.6938775510204085,
          5.1020408163265305,
          5.510204081632654,
          5.918367346938776,
          6.326530612244898,
          6.73469387755102,
          7.142857142857142,
          7.551020408163264,
          7.95918367346939,
          8.367346938775512,
          8.775510204081634,
          9.183673469387756,
          9.591836734693878,
          10
         ],
         "y": [
          -10,
          -9.591836734693878,
          -9.183673469387756,
          -8.775510204081632,
          -8.36734693877551,
          -7.959183673469388,
          -7.551020408163265,
          -7.142857142857142,
          -6.73469387755102,
          -6.326530612244898,
          -5.918367346938775,
          -5.5102040816326525,
          -5.1020408163265305,
          -4.6938775510204085,
          -4.285714285714286,
          -3.8775510204081627,
          -3.4693877551020407,
          -3.0612244897959187,
          -2.6530612244897958,
          -2.244897959183673,
          -1.8367346938775508,
          -1.4285714285714288,
          -1.020408163265305,
          -0.612244897959183,
          -0.204081632653061,
          0.204081632653061,
          0.612244897959183,
          1.0204081632653068,
          1.4285714285714288,
          1.8367346938775508,
          2.2448979591836746,
          2.6530612244897966,
          3.0612244897959187,
          3.4693877551020407,
          3.8775510204081627,
          4.2857142857142865,
          4.6938775510204085,
          5.1020408163265305,
          5.510204081632654,
          5.918367346938776,
          6.326530612244898,
          6.73469387755102,
          7.142857142857142,
          7.551020408163264,
          7.95918367346939,
          8.367346938775512,
          8.775510204081634,
          9.183673469387756,
          9.591836734693878,
          10
         ],
         "z": [
          [
           0,
           0.16659725114536172,
           0.6663890045814185,
           1.4993752603081987,
           2.6655560183257023,
           4.164931278633901,
           5.997501041232823,
           8.163265306122469,
           10.66222407330278,
           13.49437734277386,
           16.659725114535604,
           20.158267388588087,
           23.990004164931293,
           28.154935443565194,
           32.653061224489804,
           37.48438150770514,
           42.648896293211166,
           48.146605581007904,
           53.97750937109538,
           60.14160766347356,
           66.63890045814244,
           73.46938775510205,
           80.63306955435237,
           88.1299458558934,
           95.96001665972511,
           104.12328196584755,
           112.61974177426072,
           121.4493960849646,
           130.6122448979592,
           140.10828821324446,
           149.93752603082052,
           160.09995835068725,
           170.59558517284466,
           181.4244064972928,
           192.58642232403164,
           204.08163265306123,
           215.91003748438152,
           228.0716368179925,
           240.56643065389426,
           253.39441899208668,
           266.5556018325698,
           280.04997917534365,
           293.87755102040813,
           308.0383173677634,
           322.5322782174095,
           337.35943356934615,
           352.5197834235736,
           368.0133277800917,
           383.84006663890045,
           400
          ],
          [
           0.16659725114536172,
           0,
           0.16659725114536172,
           0.6663890045814185,
           1.499375260308227,
           2.6655560183257023,
           4.164931278633901,
           5.997501041232823,
           8.163265306122469,
           10.66222407330281,
           13.494377342773845,
           16.659725114535618,
           20.1582673885881,
           23.990004164931293,
           28.154935443565194,
           32.65306122448982,
           37.48438150770514,
           42.648896293211166,
           48.14660558100793,
           53.977509371095394,
           60.141607663473565,
           66.63890045814246,
           73.46938775510208,
           80.63306955435239,
           88.1299458558934,
           95.96001665972511,
           104.12328196584757,
           112.61974177426075,
           121.44939608496462,
           130.6122448979592,
           140.10828821324452,
           149.93752603082052,
           160.09995835068725,
           170.59558517284466,
           181.4244064972928,
           192.58642232403167,
           204.08163265306126,
           215.91003748438152,
           228.07163681799256,
           240.56643065389426,
           253.39441899208668,
           266.5556018325698,
           280.04997917534365,
           293.87755102040813,
           308.0383173677635,
           322.5322782174095,
           337.35943356934615,
           352.5197834235736,
           368.0133277800917,
           383.84006663890045
          ],
          [
           0.6663890045814185,
           0.16659725114536172,
           0,
           0.16659725114536172,
           0.6663890045814185,
           1.4993752603081987,
           2.6655560183257023,
           4.164931278633901,
           5.997501041232823,
           8.163265306122454,
           10.662224073302795,
           13.494377342773845,
           16.659725114535618,
           20.1582673885881,
           23.990004164931293,
           28.154935443565194,
           32.653061224489804,
           37.48438150770512,
           42.64889629321117,
           48.146605581007925,
           53.97750937109538,
           60.141607663473565,
           66.63890045814247,
           73.46938775510208,
           80.63306955435236,
           88.12994585589338,
           95.96001665972511,
           104.12328196584758,
           112.61974177426075,
           121.4493960849646,
           130.61224489795921,
           140.10828821324452,
           149.9375260308205,
           160.09995835068725,
           170.59558517284466,
           181.42440649729284,
           192.58642232403167,
           204.08163265306126,
           215.91003748438158,
           228.07163681799256,
           240.56643065389426,
           253.39441899208666,
           266.5556018325698,
           280.04997917534365,
           293.8775510204083,
           308.0383173677635,
           322.5322782174095,
           337.35943356934615,
           352.5197834235736,
           368.0133277800917
          ],
          [
           1.4993752603081987,
           0.6663890045814185,
           0.16659725114536172,
           0,
           0.1665972511453333,
           0.6663890045814185,
           1.4993752603081987,
           2.6655560183257023,
           4.164931278633901,
           5.997501041232823,
           8.16326530612244,
           10.662224073302795,
           13.494377342773845,
           16.659725114535618,
           20.158267388588087,
           23.990004164931293,
           28.15493544356518,
           32.65306122448978,
           37.48438150770512,
           42.64889629321116,
           48.146605581007904,
           53.977509371095366,
           60.141607663473565,
           66.63890045814244,
           73.46938775510203,
           80.63306955435233,
           88.12994585589337,
           95.96001665972511,
           104.12328196584757,
           112.6197417742607,
           121.4493960849646,
           130.6122448979592,
           140.10828821324446,
           149.9375260308205,
           160.0999583506872,
           170.59558517284466,
           181.4244064972928,
           192.58642232403164,
           204.08163265306123,
           215.91003748438152,
           228.0716368179925,
           240.5664306538942,
           253.3944189920866,
           266.5556018325697,
           280.04997917534365,
           293.8775510204082,
           308.03831736776345,
           322.5322782174094,
           337.35943356934615,
           352.5197834235735
          ],
          [
           2.6655560183257023,
           1.499375260308227,
           0.6663890045814185,
           0.1665972511453333,
           0,
           0.1665972511453333,
           0.6663890045814185,
           1.4993752603082129,
           2.665556018325688,
           4.164931278633901,
           5.997501041232809,
           8.163265306122454,
           10.66222407330278,
           13.49437734277383,
           16.659725114535618,
           20.158267388588087,
           23.99000416493128,
           28.154935443565172,
           32.6530612244898,
           37.48438150770512,
           42.64889629321115,
           48.14660558100791,
           53.977509371095394,
           60.141607663473565,
           66.63890045814243,
           73.46938775510203,
           80.63306955435235,
           88.12994585589338,
           95.96001665972511,
           104.12328196584755,
           112.61974177426075,
           121.4493960849646,
           130.6122448979592,
           140.10828821324446,
           149.93752603082046,
           160.09995835068725,
           170.59558517284466,
           181.42440649729278,
           192.58642232403167,
           204.08163265306126,
           215.91003748438152,
           228.0716368179925,
           240.5664306538942,
           253.3944189920866,
           266.55560183256983,
           280.04997917534365,
           293.8775510204082,
           308.0383173677634,
           322.53227821740944,
           337.35943356934615
          ],
          [
           4.164931278633901,
           2.6655560183257023,
           1.4993752603081987,
           0.6663890045814185,
           0.1665972511453333,
           0,
           0.16659725114536172,
           0.6663890045814327,
           1.4993752603081987,
           2.665556018325688,
           4.164931278633915,
           5.997501041232823,
           8.163265306122454,
           10.662224073302795,
           13.494377342773845,
           16.659725114535618,
           20.158267388588087,
           23.99000416493128,
           28.154935443565186,
           32.65306122448981,
           37.48438150770513,
           42.648896293211166,
           48.14660558100793,
           53.977509371095394,
           60.141607663473565,
           66.63890045814244,
           73.46938775510203,
           80.63306955435237,
           88.12994585589338,
           95.96001665972511,
           104.12328196584758,
           112.61974177426075,
           121.44939608496462,
           130.6122448979592,
           140.10828821324446,
           149.93752603082052,
           160.09995835068725,
           170.59558517284466,
           181.42440649729284,
           192.58642232403167,
           204.08163265306126,
           215.91003748438152,
           228.0716368179925,
           240.5664306538942,
           253.3944189920867,
           266.55560183256983,
           280.04997917534365,
           293.8775510204082,
           308.0383173677635,
           322.53227821740944
          ],
          [
           5.997501041232823,
           4.164931278633901,
           2.6655560183257023,
           1.4993752603081987,
           0.6663890045814185,
           0.16659725114536172,
           0,
           0.16659725114536172,
           0.6663890045814327,
           1.4993752603082129,
           2.665556018325688,
           4.164931278633901,
           5.997501041232823,
           8.163265306122454,
           10.662224073302795,
           13.494377342773852,
           16.65972511453561,
           20.15826738858808,
           23.990004164931285,
           28.154935443565186,
           32.6530612244898,
           37.484381507705116,
           42.64889629321118,
           48.14660558100792,
           53.97750937109538,
           60.14160766347355,
           66.63890045814243,
           73.46938775510205,
           80.63306955435235,
           88.12994585589337,
           95.96001665972514,
           104.12328196584758,
           112.61974177426072,
           121.4493960849646,
           130.6122448979592,
           140.1082882132445,
           149.9375260308205,
           160.09995835068722,
           170.59558517284466,
           181.4244064972928,
           192.58642232403167,
           204.0816326530612,
           215.9100374843815,
           228.07163681799247,
           240.5664306538943,
           253.39441899208668,
           266.5556018325698,
           280.04997917534365,
           293.8775510204082,
           308.0383173677634
          ],
          [
           8.163265306122469,
           5.997501041232823,
           4.164931278633901,
           2.6655560183257023,
           1.4993752603082129,
           0.6663890045814327,
           0.16659725114536172,
           0,
           0.16659725114536172,
           0.6663890045814327,
           1.4993752603081987,
           2.6655560183257023,
           4.164931278633915,
           5.997501041232823,
           8.163265306122454,
           10.662224073302802,
           13.494377342773845,
           16.65972511453561,
           20.158267388588094,
           23.990004164931285,
           28.154935443565183,
           32.65306122448979,
           37.48438150770514,
           42.648896293211166,
           48.14660558100791,
           53.97750937109537,
           60.141607663473536,
           66.63890045814244,
           73.46938775510203,
           80.63306955435235,
           88.1299458558934,
           95.96001665972511,
           104.12328196584755,
           112.61974177426072,
           121.44939608496458,
           130.6122448979592,
           140.1082882132445,
           149.9375260308205,
           160.09995835068725,
           170.59558517284466,
           181.4244064972928,
           192.58642232403164,
           204.0816326530612,
           215.91003748438146,
           228.07163681799256,
           240.56643065389426,
           253.39441899208666,
           266.5556018325698,
           280.04997917534365,
           293.87755102040813
          ],
          [
           10.66222407330278,
           8.163265306122469,
           5.997501041232823,
           4.164931278633901,
           2.665556018325688,
           1.4993752603081987,
           0.6663890045814327,
           0.16659725114536172,
           0,
           0.1665972511453475,
           0.6663890045814185,
           1.4993752603081987,
           2.665556018325688,
           4.164931278633901,
           5.997501041232816,
           8.163265306122447,
           10.662224073302788,
           13.494377342773838,
           16.659725114535604,
           20.158267388588094,
           23.99000416493128,
           28.154935443565172,
           32.653061224489804,
           37.48438150770512,
           42.648896293211166,
           48.146605581007904,
           53.977509371095366,
           60.14160766347356,
           66.63890045814244,
           73.46938775510203,
           80.63306955435237,
           88.1299458558934,
           95.96001665972511,
           104.12328196584755,
           112.61974177426072,
           121.4493960849646,
           130.6122448979592,
           140.10828821324446,
           149.93752603082052,
           160.09995835068722,
           170.59558517284466,
           181.42440649729278,
           192.58642232403164,
           204.08163265306118,
           215.91003748438158,
           228.07163681799256,
           240.56643065389426,
           253.39441899208666,
           266.5556018325698,
           280.04997917534365
          ],
          [
           13.49437734277386,
           10.66222407330281,
           8.163265306122454,
           5.997501041232823,
           4.164931278633901,
           2.665556018325688,
           1.4993752603082129,
           0.6663890045814327,
           0.1665972511453475,
           0,
           0.16659725114536172,
           0.6663890045814327,
           1.4993752603081987,
           2.6655560183257023,
           4.164931278633908,
           5.99750104123283,
           8.163265306122454,
           10.662224073302795,
           13.494377342773852,
           16.659725114535625,
           20.158267388588097,
           23.990004164931282,
           28.1549354435652,
           32.65306122448981,
           37.48438150770514,
           42.648896293211166,
           48.14660558100791,
           53.977509371095394,
           60.141607663473565,
           66.63890045814244,
           73.46938775510208,
           80.63306955435237,
           88.1299458558934,
           95.96001665972513,
           104.12328196584755,
           112.61974177426075,
           121.44939608496462,
           130.6122448979592,
           140.10828821324452,
           149.93752603082052,
           160.09995835068725,
           170.59558517284466,
           181.4244064972928,
           192.58642232403164,
           204.0816326530613,
           215.91003748438158,
           228.07163681799256,
           240.56643065389426,
           253.39441899208668,
           266.5556018325698
          ],
          [
           16.659725114535604,
           13.494377342773845,
           10.662224073302795,
           8.16326530612244,
           5.997501041232809,
           4.164931278633915,
           2.665556018325688,
           1.4993752603081987,
           0.6663890045814185,
           0.16659725114536172,
           0,
           0.1665972511453475,
           0.6663890045814185,
           1.4993752603081987,
           2.665556018325695,
           4.164931278633901,
           5.997501041232816,
           8.163265306122447,
           10.662224073302792,
           13.494377342773848,
           16.659725114535608,
           20.15826738858808,
           23.990004164931285,
           28.154935443565183,
           32.6530612244898,
           37.484381507705116,
           42.64889629321115,
           48.14660558100792,
           53.97750937109537,
           60.14160766347355,
           66.63890045814246,
           73.46938775510205,
           80.63306955435235,
           88.12994585589337,
           95.9600166597251,
           104.12328196584757,
           112.61974177426073,
           121.44939608496459,
           130.61224489795921,
           140.1082882132445,
           149.9375260308205,
           160.09995835068722,
           170.59558517284464,
           181.42440649729275,
           192.58642232403173,
           204.08163265306126,
           215.91003748438152,
           228.0716368179925,
           240.56643065389423,
           253.39441899208663
          ],
          [
           20.158267388588087,
           16.659725114535618,
           13.494377342773845,
           10.662224073302795,
           8.163265306122454,
           5.997501041232823,
           4.164931278633901,
           2.6655560183257023,
           1.4993752603081987,
           0.6663890045814327,
           0.1665972511453475,
           0,
           0.16659725114535462,
           0.6663890045814256,
           1.4993752603082058,
           2.665556018325695,
           4.164931278633901,
           5.997501041232816,
           8.163265306122451,
           10.662224073302795,
           13.494377342773841,
           16.6597251145356,
           20.158267388588094,
           23.99000416493128,
           28.15493544356518,
           32.65306122448979,
           37.48438150770511,
           42.648896293211166,
           48.146605581007904,
           53.977509371095366,
           60.141607663473565,
           66.63890045814244,
           73.46938775510205,
           80.63306955435235,
           88.12994585589337,
           95.96001665972511,
           104.12328196584755,
           112.61974177426072,
           121.4493960849646,
           130.6122448979592,
           140.10828821324446,
           149.93752603082046,
           160.0999583506872,
           170.5955851728446,
           181.42440649729284,
           192.58642232403167,
           204.08163265306126,
           215.91003748438152,
           228.0716368179925,
           240.56643065389417
          ],
          [
           23.990004164931293,
           20.1582673885881,
           16.659725114535618,
           13.494377342773845,
           10.66222407330278,
           8.163265306122454,
           5.997501041232823,
           4.164931278633915,
           2.665556018325688,
           1.4993752603081987,
           0.6663890045814185,
           0.16659725114535462,
           0,
           0.16659725114535462,
           0.6663890045814185,
           1.4993752603082058,
           2.665556018325695,
           4.164931278633901,
           5.997501041232816,
           8.163265306122451,
           10.662224073302792,
           13.494377342773841,
           16.659725114535618,
           20.15826738858809,
           23.99000416493128,
           28.15493544356518,
           32.65306122448978,
           37.48438150770512,
           42.648896293211166,
           48.146605581007904,
           53.977509371095394,
           60.141607663473565,
           66.63890045814244,
           73.46938775510205,
           80.63306955435235,
           88.1299458558934,
           95.96001665972511,
           104.12328196584755,
           112.61974177426075,
           121.4493960849646,
           130.6122448979592,
           140.10828821324446,
           149.9375260308205,
           160.0999583506872,
           170.59558517284472,
           181.4244064972928,
           192.58642232403167,
           204.08163265306126,
           215.91003748438152,
           228.0716368179925
          ],
          [
           28.154935443565194,
           23.990004164931293,
           20.1582673885881,
           16.659725114535618,
           13.49437734277383,
           10.662224073302795,
           8.163265306122454,
           5.997501041232823,
           4.164931278633901,
           2.6655560183257023,
           1.4993752603081987,
           0.6663890045814256,
           0.16659725114535462,
           0,
           0.16659725114535462,
           0.6663890045814256,
           1.4993752603082129,
           2.6655560183257023,
           4.164931278633908,
           5.997501041232823,
           8.163265306122454,
           10.662224073302793,
           13.494377342773857,
           16.659725114535618,
           20.158267388588097,
           23.990004164931282,
           28.15493544356518,
           32.653061224489804,
           37.48438150770513,
           42.648896293211166,
           48.14660558100793,
           53.977509371095394,
           60.141607663473565,
           66.63890045814244,
           73.46938775510205,
           80.63306955435237,
           88.1299458558934,
           95.96001665972511,
           104.1232819658476,
           112.61974177426075,
           121.44939608496462,
           130.6122448979592,
           140.1082882132445,
           149.93752603082046,
           160.09995835068727,
           170.5955851728447,
           181.42440649729286,
           192.58642232403167,
           204.08163265306126,
           215.91003748438152
          ],
          [
           32.653061224489804,
           28.154935443565194,
           23.990004164931293,
           20.158267388588087,
           16.659725114535618,
           13.494377342773845,
           10.662224073302795,
           8.163265306122454,
           5.997501041232816,
           4.164931278633908,
           2.665556018325695,
           1.4993752603082058,
           0.6663890045814185,
           0.16659725114535462,
           0,
           0.16659725114535462,
           0.666389004581422,
           1.4993752603082022,
           2.6655560183256988,
           4.164931278633901,
           5.99750104123282,
           8.163265306122447,
           10.662224073302795,
           13.494377342773847,
           16.65972511453561,
           20.158267388588087,
           23.99000416493127,
           28.154935443565186,
           32.6530612244898,
           37.48438150770512,
           42.64889629321117,
           48.14660558100792,
           53.97750937109538,
           60.14160766347355,
           66.63890045814242,
           73.46938775510205,
           80.63306955435235,
           88.12994585589337,
           95.96001665972514,
           104.12328196584758,
           112.61974177426075,
           121.44939608496458,
           130.61224489795916,
           140.10828821324446,
           149.93752603082055,
           160.09995835068725,
           170.59558517284466,
           181.4244064972928,
           192.58642232403167,
           204.0816326530612
          ],
          [
           37.48438150770514,
           32.65306122448982,
           28.154935443565194,
           23.990004164931293,
           20.158267388588087,
           16.659725114535618,
           13.494377342773852,
           10.662224073302802,
           8.163265306122447,
           5.99750104123283,
           4.164931278633901,
           2.665556018325695,
           1.4993752603082058,
           0.6663890045814256,
           0.16659725114535462,
           0,
           0.16659725114535817,
           0.6663890045814256,
           1.4993752603082058,
           2.665556018325695,
           4.164931278633903,
           5.997501041232816,
           8.163265306122454,
           10.662224073302792,
           13.494377342773841,
           16.659725114535604,
           20.158267388588076,
           23.99000416493128,
           28.15493544356518,
           32.65306122448979,
           37.48438150770513,
           42.648896293211166,
           48.14660558100791,
           53.977509371095366,
           60.141607663473536,
           66.63890045814244,
           73.46938775510205,
           80.63306955435235,
           88.1299458558934,
           95.96001665972511,
           104.12328196584755,
           112.61974177426072,
           121.44939608496458,
           130.61224489795916,
           140.10828821324452,
           149.9375260308205,
           160.09995835068725,
           170.59558517284466,
           181.4244064972928,
           192.58642232403164
          ],
          [
           42.648896293211166,
           37.48438150770514,
           32.653061224489804,
           28.15493544356518,
           23.99000416493128,
           20.158267388588087,
           16.65972511453561,
           13.494377342773845,
           10.662224073302788,
           8.163265306122454,
           5.997501041232816,
           4.164931278633901,
           2.665556018325695,
           1.4993752603082129,
           0.666389004581422,
           0.16659725114535817,
           0,
           0.16659725114535462,
           0.666389004581422,
           1.4993752603082076,
           2.665556018325697,
           4.164931278633903,
           5.997501041232825,
           8.163265306122451,
           10.662224073302792,
           13.494377342773841,
           16.659725114535604,
           20.158267388588094,
           23.99000416493128,
           28.15493544356518,
           32.653061224489804,
           37.48438150770513,
           42.648896293211166,
           48.14660558100791,
           53.977509371095366,
           60.141607663473565,
           66.63890045814244,
           73.46938775510205,
           80.63306955435237,
           88.1299458558934,
